390 
896 
903 
754 
297 
165 
404 
6 
832 
795 
360 390 896 903 754 297 165 404 6 832 795 
666 
376 
147 
183 
738 
372 
894 
279 
373 
360 
29 
350 
326 666 376 147 183 738 372 894 279 373 360 29 350 
438 
159 
481 390 438 159 
17 
471 
323 
78 
640 17 471 323 78 
42 
313 
609 
936 
803 42 313 609 936 795 
451 
257 
98 
265 
399 
382 
677 
386 
822 
836 
628 
828 
930 
925 
389 
510 
417 451 257 98 265 399 382 677 386 822 836 628 828 930 925 297 389 510 
248 
5 
193 
300 
906 
62 
534 
119 
488 
881 
439 
884 
254 
492 248 5 193 300 906 62 534 119 488 881 439 884 254 
60 
627 60 
106 
685 
141 
909 
648 
468 
249 
179 
613 
899 
923 
91 
661 
393 
811 
560 
514 
158 
102 106 685 141 909 648 468 249 179 613 899 923 91 661 393 811 560 514 158 
533 
240 
205 
530 
64 
308 
889 
185 
690 
873 
30 
152 
477 
69 
395 
926 
606 533 240 205 382 530 64 308 889 185 690 873 30 152 477 69 395 926 
220 
38 
946 
589 
101 220 389 38 946 589 
339 
396 
253 
114 
48 
261 
337 
991 
20 339 396 91 253 114 48 261 337 991 
315 
50 
753 
149 
622 
682 
22 
169 
816 
808 
591 
640 
355 
574 
765 315 50 753 149 69 622 682 22 169 816 808 591 640 355 5 574 
173 
182 
803 
951 
99 
556 
782 
375 
865 
419 
66 
90 
913 
262 
500 
671 
821 173 182 936 803 951 99 556 782 375 865 419 66 30 90 249 913 262 500 671 
423 
549 
385 
61 
104 
46 
824 
814 
348 315 423 549 385 61 104 46 824 814 
403 
918 
172 
978 
24 
713 
716 
458 403 918 172 64 978 24 713 716 
747 
976 
402 
701 
940 713 22 716 747 976 402 701 
187 
503 
826 
513 
516 
817 
793 
550 
823 
844 
377 
3 
737 
57 
939 
464 
763 
747 503 826 513 516 817 793 550 823 844 377 3 737 57 939 464 763 
809 
440 
475 
621 
759 
949 
740 
136 
137 
199 
929 
536 
412 
860 809 440 475 621 759 949 740 136 137 199 929 536 412 
138 
654 
977 138 654 
696 
538 
415 
260 696 538 98 415 
369 
601 
482 369 601 
425 
520 
321 
177 
445 
602 
996 
633 
785 
557 
341 
414 
540 
245 
95 
18 425 520 321 177 403 445 390 602 996 633 785 951 557 341 414 540 245 682 95 
970 
435 
679 
452 
542 
854 
498 
154 
659 
758 
217 
959 
637 970 435 138 679 654 452 542 854 498 154 659 758 217 959 
281 
43 
282 
983 
856 
751 
166 
867 
786 
407 
593 
54 
547 
293 
670 
938 281 43 282 983 856 751 166 867 61 786 390 407 593 54 547 293 670 
776 
839 
122 
202 
955 
372 776 839 503 488 122 202 955 930 61 
491 
869 
130 
51 
317 
381 
156 
736 
401 
813 
368 
345 
631 
490 913 491 869 130 51 317 896 381 589 156 736 401 813 976 368 345 631 95 
320 
55 
748 
18 
855 
34 
933 
937 
888 
641 
212 
167 
103 
139 
126 
267 122 320 55 748 18 855 34 933 937 888 641 212 167 103 139 6 126 
10 
655 
656 
264 
987 
841 
434 
476 
474 
331 10 655 939 656 264 987 841 434 476 475 906 474 445 
37 
342 37 167 
206 
188 
324 
532 
75 
743 
358 
504 
727 
492 
501 
575 
656 206 188 324 532 75 743 816 152 358 504 727 492 501 575 
137 
799 
294 
945 
268 
693 
255 
106 799 294 945 268 10 693 255 
616 
241 
363 
166 616 297 241 363 
695 
421 
868 
730 
840 
579 
97 
581 
433 
506 
627 
222 695 399 421 868 183 730 641 822 840 579 97 581 433 506 627 575 
988 
877 
348 
805 
734 
285 
735 
670 988 877 884 130 348 805 734 285 735 884 
196 
96 
214 
16 
724 
295 
851 
531 
347 
570 
995 
184 
107 936 196 516 96 214 16 759 724 295 851 531 347 570 995 184 894 
539 
331 
349 
629 
559 
520 811 217 539 419 331 349 629 147 559 
527 
752 
509 
490 
562 
312 
603 
858 
864 
21 
162 
965 
223 
172 527 752 509 490 562 312 339 603 858 864 21 811 162 265 965 223 
672 
400 
176 
524 
405 
651 
497 
924 
124 
447 
88 
88 672 400 176 337 622 524 405 556 651 666 497 924 124 447 88 
963 
430 
792 
639 
395 963 430 792 639 
79 
362 
135 
374 
561 
653 
544 
703 
51 79 362 135 374 561 476 976 814 348 96 451 653 544 321 703 
827 
428 
987 996 839 827 240 428 
526 
831 
933 840 345 526 831 
161 
215 
26 
446 
619 
966 
250 
571 
594 
274 
72 
467 
216 
725 
607 
73 161 215 26 446 619 966 250 571 594 274 196 57 72 467 216 159 725 607 
592 
876 
196 592 876 
657 
719 
611 
948 
564 
649 
722 
234 
544 719 611 440 666 37 948 564 649 550 722 822 234 382 
364 
130 405 364 
585 
155 
961 
495 
900 
647 
614 
175 
699 
96 389 106 585 155 693 501 961 648 495 900 647 873 579 614 621 175 593 699 
893 
71 
333 
708 
636 
772 
704 
998 
931 
280 893 71 865 333 393 400 708 636 772 451 659 704 998 931 813 29 
857 
741 
289 
150 
508 
955 857 741 289 150 508 
408 
277 
50 983 408 376 277 622 
25 
449 
773 
332 
11 
843 
600 
628 25 585 339 963 449 773 332 467 11 843 600 747 250 699 
475 
398 
626 
678 
270 
164 
457 
246 
797 
927 
729 836 398 626 678 139 270 164 457 246 797 249 927 
47 
810 
569 
123 
794 
100 
310 
596 47 722 758 881 810 240 569 72 257 50 123 794 38 100 310 752 621 415 
442 
775 442 
777 
815 
675 
472 
645 
644 
483 
327 
18 22 777 815 675 99 164 472 695 645 644 433 483 569 327 216 671 
908 
953 
314 
535 
947 
481 
422 
862 
142 564 824 908 3 995 294 594 48 69 953 609 314 535 983 947 481 719 422 862 
771 
59 
838 
276 
543 
197 103 771 54 59 838 276 543 
305 
256 
280 
552 
834 
443 
770 823 305 256 280 164 682 472 355 297 347 434 856 544 78 552 834 918 443 
413 
271 
756 
529 
487 
507 
901 
687 
31 
163 393 413 271 756 158 529 435 188 495 682 487 656 983 507 901 452 748 687 31 
187 
68 
278 
380 
41 
541 
513 187 771 547 68 857 983 278 380 41 556 541 
52 
198 
77 
783 
789 
915 
848 
875 
844 52 18 198 655 77 783 884 422 789 915 848 816 544 875 175 399 278 
964 
27 
680 
391 
567 
411 
243 
426 
863 
676 653 964 648 27 741 680 391 567 59 152 327 411 243 725 426 61 564 863 
898 
201 
207 
58 183 756 930 898 381 201 188 901 207 
554 
597 
952 
225 
522 
904 
572 554 524 621 317 597 375 952 225 875 522 904 607 
819 
977 
133 
36 
829 
426 626 819 243 977 133 36 829 
992 
866 992 215 535 
928 
568 
379 
310 928 568 300 257 379 559 
238 
982 
714 
319 
920 
652 
942 
861 
395 238 982 714 319 920 64 500 652 942 861 763 834 671 
370 
328 
880 
885 
266 
365 
113 
107 
213 
621 370 562 328 880 647 885 266 365 113 949 533 107 213 826 
153 
635 
993 
866 
967 
128 
511 
498 481 961 495 153 635 675 187 993 866 967 285 904 128 511 
850 
706 
548 
744 
806 328 931 850 706 128 567 548 488 744 415 850 
361 
518 
108 
698 361 948 518 107 983 978 108 670 
902 
681 
335 
551 
638 
452 810 885 815 30 730 413 902 681 747 205 335 75 241 909 551 638 
307 
658 
914 
7 808 307 658 914 411 
587 
480 
515 
316 
917 587 963 480 515 316 
93 
49 
523 
463 
573 
732 155 93 124 49 839 523 176 463 573 719 
694 
330 
23 
630 
859 
556 809 42 694 748 24 175 330 568 564 399 737 23 630 794 859 630 
134 
662 
482 
367 
691 
117 
853 
505 
939 134 662 339 17 482 783 693 367 691 679 117 854 853 11 505 
765 
28 
86 
81 
988 139 765 77 28 3 86 81 926 
248 156 640 122 348 
458 
781 
472 458 781 
584 
148 
336 
267 
432 
233 584 279 330 408 148 336 267 432 271 
338 
353 
785 338 69 353 439 554 27 
762 
800 
849 
642 
192 
431 
444 
650 559 762 936 217 800 196 866 113 849 642 192 431 444 192 
343 
835 
585 343 159 522 748 675 41 413 835 78 336 639 
455 
357 
306 
222 166 455 670 313 357 106 824 274 264 23 904 826 601 198 401 306 927 
329 
439 329 
469 
842 
720 
707 
247 
195 
231 
984 
887 
392 24 475 469 640 842 899 704 720 707 247 195 231 214 380 176 984 887 61 
74 
684 
116 
710 
761 
669 
615 680 74 684 307 199 116 177 400 710 761 939 669 
7 
33 
780 
512 
340 7 374 234 72 33 505 407 487 780 512 206 771 556 640 765 
145 
660 
9 
558 
289 939 145 165 141 805 516 660 213 9 558 
453 
394 
235 
197 205 305 453 394 281 235 780 373 589 
110 
226 
352 
406 
14 
519 
767 
281 678 110 267 474 212 345 532 226 352 547 18 406 931 14 519 100 648 767 
304 
807 
958 
960 304 841 690 807 958 
13 
204 
879 
410 995 819 13 844 204 690 693 548 859 925 879 
189 
502 548 707 189 
283 
980 
464 330 283 16 411 980 735 
717 
537 
371 
287 
403 744 945 906 148 900 138 189 205 717 508 537 204 375 330 371 814 850 893 287 
40 
563 
960 
194 
718 
803 40 869 57 524 360 106 563 960 194 718 
545 
15 
588 
825 
798 
224 931 751 97 545 361 15 588 832 352 182 835 825 798 
58 
237 
466 679 58 237 
954 
228 
362 954 904 228 40 551 909 
502 
586 
122 57 805 502 737 225 586 195 858 225 
344 
52 344 
260 
883 
371 515 260 152 587 883 998 332 46 
499 
974 
847 
378 499 669 974 696 380 920 847 
486 
459 
279 100 486 425 459 
643 
663 
525 
684 925 980 984 138 161 313 643 663 525 247 206 138 
546 
580 
748 894 90 372 546 662 482 133 627 502 279 580 616 737 762 62 
944 
953 944 154 380 
39 
599 
19 
750 
932 
692 
996 563 39 599 19 176 549 844 534 750 320 706 832 932 369 49 865 193 692 543 369 
286 
273 
994 506 286 924 738 748 374 502 273 966 207 
746 
20 
545 746 914 571 165 452 652 20 541 
211 
236 
309 
470 
770 
577 
818 
531 211 236 849 309 470 770 577 818 443 133 984 656 614 48 670 
766 
919 585 762 766 
272 
969 
143 
66 272 828 969 143 969 
891 
410 
950 
8 48 331 891 27 225 944 744 265 385 410 502 950 574 
369 
801 
577 658 564 621 428 801 522 399 28 508 281 177 893 
191 
301 
812 
115 
779 
494 
325 
351 
229 191 301 812 297 49 43 115 978 426 779 250 570 494 325 248 351 351 
92 
975 
455 147 60 379 691 325 199 92 850 141 336 975 
790 
941 
576 
384 
596 
986 
104 410 808 790 941 867 551 561 576 384 758 74 72 952 596 986 192 442 
73 
318 
637 499 93 945 363 73 541 318 
731 
819 323 357 165 601 731 165 
660 873 374 945 592 61 
269 
284 
121 
912 
275 
157 
72 842 269 284 412 954 121 103 912 49 839 275 552 157 
12 
44 
462 
718 537 289 926 12 691 413 44 130 539 262 462 
259 
525 434 135 18 259 430 817 215 269 622 645 588 99 829 
757 
668 
296 
606 
852 
130 757 998 24 133 694 668 951 960 296 606 308 212 852 651 59 459 166 318 
979 
76 
787 
142 
56 979 475 422 497 314 76 704 908 237 787 480 894 360 142 152 536 19 286 
102 
582 
385 236 663 102 352 582 679 452 276 12 813 
218 
590 
657 
540 306 218 614 557 403 876 590 657 159 
334 
146 
420 
732 
409 
190 
233 337 783 334 790 586 395 979 918 146 420 732 409 110 459 190 
895 
334 241 631 927 296 895 
665 
972 
22 256 206 665 296 843 812 173 972 198 272 858 644 269 421 363 284 
144 
698 
820 
742 
962 586 238 593 144 409 289 698 820 236 27 978 44 26 741 742 28 
101 
251 
299 
707 645 104 101 740 710 251 662 725 779 299 
493 
124 493 
222 
224 
266 222 152 224 138 520 19 399 236 99 959 
796 
705 
802 
688 
263 
835 69 228 46 796 856 88 390 705 627 802 567 928 393 688 475 263 601 92 159 
791 
448 791 377 259 563 116 644 353 562 982 345 941 271 314 813 317 319 
910 
348 930 412 737 910 
696 873 
416 
994 
935 
37 514 589 867 416 172 121 313 855 491 584 857 994 935 391 603 
151 
244 
141 961 151 244 894 
346 
756 563 665 377 346 380 679 848 18 116 678 734 
125 622 
721 
971 
899 341 636 933 273 887 569 792 721 106 343 576 679 331 971 475 534 829 
740 988 
275 
999 
298 
53 
53 999 661 550 298 334 53 
180 
650 
784 216 754 885 180 650 
528 
968 
636 19 528 798 968 509 402 732 834 523 556 90 395 685 503 376 767 
618 
771 730 352 618 363 
578 
614 346 37 947 373 294 578 236 
752 680 
753 810 488 691 563 513 394 196 305 529 414 
388 
80 106 692 388 263 299 62 554 410 796 910 
957 
956 
370 790 956 
487 579 522 231 53 55 848 261 75 
311 
555 
615 
160 
985 
341 142 659 928 311 214 40 497 873 169 782 428 37 555 482 615 160 661 994 985 
489 
340 
691 594 489 340 988 377 571 217 78 
1 
711 
683 
612 64 1 60 113 68 711 301 439 683 357 858 861 
729 
436 
570 362 729 436 336 215 142 
456 
732 433 456 711 696 546 949 622 337 757 459 224 923 831 679 703 
989 
637 
548 273 321 306 696 747 989 637 996 735 
521 
203 224 521 333 976 462 158 
940 
276 444 668 420 274 284 940 782 
454 
117 177 454 798 
745 
957 
237 411 640 115 745 309 850 758 245 957 
507 579 36 128 325 863 
56 
275 995 56 
605 
686 
80 490 792 189 605 279 853 933 520 600 426 686 
465 
813 936 483 757 590 431 402 810 653 161 398 172 236 989 840 564 34 985 465 765 
288 
89 
35 
460 
478 
505 288 445 396 235 586 89 948 35 460 275 478 
938 
723 
461 
544 942 884 938 337 422 926 964 660 81 523 146 142 723 991 348 461 552 947 575 
210 
8 210 809 97 606 
674 390 742 
132 
239 
813 792 132 752 386 113 717 239 132 
117 55 544 357 100 525 
614 187 906 509 452 103 930 62 
131 
804 131 9 
465 42 283 588 
479 
643 656 453 464 479 621 75 527 370 847 658 148 166 705 351 
326 
646 
282 29 813 947 546 280 685 499 691 750 789 246 133 326 646 829 
39 618 588 742 159 
890 
356 
524 224 988 143 100 439 757 966 890 662 352 356 866 29 
845 
437 
112 399 318 373 996 215 650 904 845 663 551 631 355 437 207 558 159 
487 250 
577 81 
656 960 933 
821 
874 
302 
597 360 198 821 146 529 132 874 373 341 899 398 302 945 716 391 734 492 255 
423 901 299 964 819 62 729 447 
291 
203 
218 891 856 293 361 291 203 957 
760 
674 
383 
146 796 500 647 760 694 674 414 859 771 665 470 666 383 
895 842 953 495 
960 645 
105 
933 105 115 827 294 199 28 560 839 211 478 643 490 248 27 31 
473 
378 
174 
768 
242 
592 473 378 174 768 406 965 215 242 61 262 91 787 556 809 29 
83 
967 83 808 92 104 362 902 361 790 660 618 415 
996 622 245 967 609 772 78 
595 
970 595 864 819 381 719 
292 
303 
624 780 292 144 795 975 341 361 303 439 51 544 323 958 
632 
342 
860 
678 632 342 560 183 821 860 
85 324 459 
804 
572 
227 
706 898 169 804 203 987 906 86 408 133 282 977 69 572 227 974 530 35 519 670 
846 
682 469 453 899 937 549 815 846 972 842 212 260 727 
697 
102 88 953 900 697 439 812 502 494 
341 641 464 949 295 
702 
553 
726 
282 263 681 702 630 269 530 792 308 984 920 388 842 986 686 553 338 726 682 671 530 
322 
70 
764 
210 377 969 898 322 856 811 399 619 212 160 70 901 678 697 439 915 79 18 764 
492 928 970 854 37 585 11 864 976 348 723 415 
890 378 940 539 773 843 462 
917 
94 
854 794 96 573 917 173 94 
943 
787 570 317 804 812 148 203 943 
755 
665 758 755 243 166 811 
665 951 425 433 810 250 646 321 988 
213 795 737 532 967 461 254 
289 248 
202 442 540 124 
878 
685 539 370 772 658 465 948 1 878 
934 
992 599 265 752 152 705 648 934 835 701 
634 
67 
45 
22 333 634 413 51 67 943 702 737 452 704 891 875 162 903 183 706 45 815 223 
170 
922 785 164 994 663 443 877 170 224 835 654 99 554 226 367 138 771 578 11 541 
252 
455 231 980 130 252 135 105 333 489 45 
673 
882 
208 
129 
466 
456 938 241 537 72 673 882 373 433 17 367 440 208 129 823 810 466 214 796 
496 
87 
5 937 496 104 87 220 
4 
897 764 395 852 4 576 937 223 
418 
907 
424 885 418 215 898 630 155 303 595 108 772 451 933 907 208 723 692 337 285 
981 
232 
209 
544 278 981 277 232 209 695 826 874 
689 
676 
417 
784 
947 839 888 755 224 985 180 824 906 689 187 676 340 519 417 925 369 784 299 30 
890 191 
290 
541 949 856 940 36 851 166 737 860 847 762 290 606 
967 567 214 440 143 498 77 418 840 100 367 175 
598 
427 
163 
163 598 662 954 17 378 967 675 327 411 427 789 768 574 163 
125 
397 
880 176 352 72 125 150 397 155 338 684 590 711 961 595 677 735 569 95 
801 328 998 635 
269 842 185 856 251 555 99 474 278 719 
416 10 864 231 652 30 
628 375 579 884 979 172 741 420 34 75 618 399 548 482 987 591 509 
709 
80 
505 709 80 527 
140 
778 
536 140 778 724 884 103 465 970 605 828 889 437 735 
962 
219 
774 
599 962 835 219 774 907 
572 107 771 327 522 64 488 237 31 
667 
608 
818 667 608 571 134 592 320 205 
110 180 242 342 609 717 958 78 719 
200 
246 658 731 291 753 683 902 200 184 874 166 821 894 
486 909 
728 
197 
997 
973 
233 
940 728 288 764 773 811 197 997 973 745 304 608 17 132 855 521 717 233 370 414 
857 287 542 437 195 673 757 896 979 845 206 209 311 809 798 927 
363 345 616 432 343 923 
382 823 556 835 334 
898 721 690 400 663 496 383 
901 680 556 649 347 200 370 97 938 596 509 
806 
49 680 409 822 998 910 363 33 335 194 522 297 476 806 894 
133 333 203 994 48 641 404 238 681 881 324 614 499 385 826 
120 
612 
950 120 100 857 232 612 774 330 
775 
277 464 298 535 775 206 782 831 
908 980 913 771 461 
425 34 556 931 202 995 280 507 173 706 100 175 
453 31 940 614 123 493 406 340 645 25 854 314 415 
359 
137 602 585 784 359 780 319 819 988 293 332 514 820 294 954 554 991 
566 
473 841 566 487 849 299 861 
240 660 608 938 989 695 338 611 914 94 642 141 409 347 972 979 597 629 287 
516 908 11 379 417 726 193 115 253 
347 79 
482 39 
788 
459 587 244 71 556 788 678 257 628 806 423 964 437 807 349 
769 
105 909 769 24 907 158 
304 
424 
2 
229 
376 424 581 681 92 75 951 301 187 199 744 815 531 2 493 229 946 62 
712 
583 
454 549 712 608 796 375 583 493 
92 741 785 530 681 875 808 712 204 721 314 461 808 
310 123 
620 
256 483 263 828 459 232 261 620 6 668 281 304 182 235 418 265 890 409 734 
994 818 546 996 736 341 647 
882 642 936 882 
346 520 949 489 540 202 648 368 804 605 
485 
990 
39 474 42 358 344 135 151 485 972 477 36 458 933 674 83 613 990 
610 
332 390 602 722 610 898 647 495 
749 
42 788 869 376 640 749 336 784 74 806 271 569 140 855 270 175 401 273 414 
922 
700 358 922 610 769 347 731 276 196 782 550 877 859 344 479 
925 
1000 
49 1000 40 631 144 412 294 511 
836 993 191 
842 766 
919 
367 481 523 979 589 528 611 919 53 58 176 217 30 
115 509 779 683 785 350 352 251 649 602 731 703 
693 753 637 170 213 924 608 697 529 438 402 110 
715 
443 370 609 442 403 37 715 612 213 363 
733 
149 566 690 730 733 
994 731 946 810 3 595 86 293 598 608 745 930 333 760 382 333 
320 228 903 882 2 631 40 819 371 74 7 100 693 270 345 295 755 818 810 639 755 
625 581 
178 
144 360 178 541 493 828 54 205 939 143 
905 
872 
557 585 486 492 699 458 100 324 905 151 27 677 339 636 908 614 344 872 919 95 
205 508 882 765 998 17 515 414 
85 
716 69 869 578 516 740 85 311 5 225 37 746 957 
82 
739 
811 446 961 355 753 667 236 467 82 739 970 848 306 909 881 508 29 607 
70 373 716 327 727 627 5 520 980 232 943 590 482 659 732 31 
346 677 132 756 869 901 786 597 492 51 867 427 69 551 586 706 641 307 159 
624 
767 974 70 665 965 38 3 264 142 624 705 73 37 31 991 
63 
137 494 496 525 329 405 63 494 
88 254 240 684 803 732 553 46 144 335 254 
623 
430 72 507 145 216 280 138 623 156 468 142 194 241 590 380 
289 913 490 704 50 738 398 342 571 601 931 914 691 495 393 80 23 383 
921 
903 552 458 376 299 362 59 921 90 888 773 305 232 251 947 651 571 
449 704 49 257 898 
797 529 475 725 304 889 542 
429 
83 579 4 429 251 823 196 640 506 801 981 582 658 154 849 692 316 
713 761 16 705 235 619 667 977 403 553 504 859 956 515 508 893 
336 665 677 433 61 71 480 365 462 
775 723 651 588 48 298 994 637 
966 
193 183 201 
354 
837 
370 354 681 780 136 24 838 256 667 837 129 491 763 276 764 212 254 
157 547 96 775 539 682 571 583 677 797 683 174 819 90 252 550 607 
976 45 398 751 527 
905 52 234 402 691 348 376 229 788 209 473 18 56 733 
385 
172 336 274 50 661 409 772 738 649 391 675 965 370 826 
911 
617 
262 944 729 911 713 945 302 617 595 338 59 557 558 285 626 533 63 
127 
833 
50 97 369 510 619 183 127 485 947 958 368 876 457 373 833 713 119 77 479 
739 812 98 696 853 175 25 838 722 283 945 48 641 316 206 235 770 256 923 893 
745 64 242 617 567 865 146 108 934 456 291 1000 568 
582 133 122 158 
148 753 622 571 62 699 201 4 72 756 837 969 637 338 863 
625 
981 744 62 880 885 651 613 652 337 628 625 241 83 559 831 
109 
857 637 945 336 983 878 760 711 676 109 687 
230 
675 192 741 230 192 
192 327 217 257 749 395 791 558 558 
484 
130 657 627 983 908 484 609 640 542 205 965 382 
724 304 311 503 4 260 776 551 106 781 
647 555 
392 855 439 900 473 551 932 854 601 
54 986 739 1 698 426 549 149 932 973 136 669 
876 412 538 135 461 289 445 345 215 466 334 921 278 347 369 562 29 857 351 
604 
347 721 759 158 12 360 604 654 347 
125 277 188 67 493 703 
437 964 754 325 161 596 793 
65 
847 558 752 992 324 247 189 132 53 307 65 646 149 947 702 
371 343 663 247 339 282 827 1000 992 739 143 623 
112 
908 920 112 460 285 
168 
380 168 2 333 129 868 85 666 244 303 75 729 196 156 710 239 63 653 511 
328 640 806 248 
249 643 23 526 518 55 443 334 864 572 734 64 574 
181 114 203 60 233 174 703 
78 247 841 192 921 946 928 909 380 846 932 68 87 413 
392 
821 87 948 392 835 333 224 211 331 51 363 566 26 282 
32 
980 377 647 887 32 399 928 19 785 713 24 411 249 316 159 
860 721 645 434 275 13 974 349 458 36 46 
883 
92 736 733 704 172 693 882 593 684 844 560 798 
870 
20 955 435 820 557 615 870 891 859 765 
514 771 391 385 522 692 161 838 470 114 885 521 826 569 283 804 956 
111 
133 571 454 552 525 54 160 773 542 111 
390 106 283 684 651 896 270 
271 965 10 800 156 867 177 595 567 773 674 375 524 432 47 695 780 605 
961 24 443 
468 586 416 816 35 550 838 548 539 
171 166 652 
675 974 635 158 497 559 
448 
550 20 103 448 914 305 435 666 645 568 362 548 80 61 
439 
366 
430 11 839 426 395 459 366 18 642 210 161 631 130 138 163 851 507 
593 
432 612 645 649 
562 393 314 702 263 981 936 589 638 744 718 
325 870 775 267 
715 799 
450 
171 759 523 450 534 332 246 98 16 530 744 109 779 380 98 
642 216 465 665 447 624 153 931 407 3 95 511 695 782 854 327 431 639 346 543 
461 965 940 331 815 879 707 944 394 875 497 612 699 856 574 
403 51 90 690 485 330 165 711 836 300 795 245 949 784 516 382 
115 133 234 586 443 794 723 982 678 972 557 
972 391 380 950 191 
787 919 787 
695 299 303 
179 100 64 941 453 176 246 41 608 458 677 142 618 313 
183 990 796 129 791 663 281 407 795 424 570 720 362 286 485 704 351 
487 826 94 459 422 62 
517 
109 43 517 566 720 891 624 182 770 63 
407 861 178 998 249 834 661 559 
450 946 547 340 950 
184 86 29 
504 371 727 308 428 912 191 661 640 174 544 127 
780 388 555 716 471 6 997 650 63 964 562 415 
243 197 29 
995 958 114 253 207 
916 
993 14 816 38 874 894 577 743 916 159 
380 170 53 925 153 712 905 183 447 905 
647 249 309 115 984 895 
38 283 641 338 544 720 701 432 636 433 690 78 690 
971 87 625 394 177 556 632 527 164 576 949 812 794 
409 645 761 410 899 296 189 
375 255 942 103 112 185 259 931 274 296 110 390 361 607 
664 
142 846 95 771 473 312 328 660 144 532 891 344 45 664 603 339 452 501 115 447 
877 36 25 961 209 219 998 973 207 35 392 727 266 31 
724 764 193 372 183 535 35 109 114 107 557 87 932 439 558 968 924 35 
852 785 509 529 714 742 331 136 147 77 644 705 770 904 105 243 893 
431 690 802 777 16 13 908 9 649 920 408 213 373 289 297 585 262 122 373 
966 791 843 425 327 106 231 580 199 589 973 817 189 
677 939 501 398 16 356 585 161 41 110 929 142 
302 750 209 449 277 398 594 905 414 109 386 534 738 574 
76 666 540 835 990 725 866 285 476 499 545 252 902 556 417 190 
640 627 931 6 632 369 758 548 55 578 167 564 70 566 762 122 987 507 
772 242 988 622 322 194 5 367 
502 194 363 182 722 140 
830 
913 263 17 725 317 212 830 747 787 397 732 761 801 286 
3 704 129 425 261 317 788 67 472 869 711 270 
532 375 
932 805 475 875 975 353 303 141 592 94 568 870 466 351 
4 451 274 773 459 
67 235 687 194 707 685 297 513 74 741 674 620 615 841 164 301 551 108 62 
486 
913 310 905 379 342 771 249 827 
119 913 503 480 357 658 120 184 373 623 279 768 382 126 
314 925 427 126 745 158 357 35 369 985 54 280 568 290 180 479 
243 778 356 198 289 69 151 212 313 205 610 211 188 
171 
189 171 365 627 538 81 318 386 752 511 875 364 351 
946 273 36 301 129 814 740 152 413 73 943 529 701 
953 489 566 763 486 242 636 
259 745 318 357 139 413 870 954 206 
987 723 331 
441 204 471 935 167 546 312 450 12 329 438 995 788 421 531 755 868 827 
563 114 456 668 59 913 786 691 756 743 316 311 606 
864 468 19 113 579 732 174 60 943 
611 761 880 245 302 949 789 13 44 444 358 316 346 541 
435 940 592 63 
376 790 683 684 792 309 19 244 708 679 868 70 947 171 510 
565 849 530 276 922 120 819 352 916 259 641 664 705 185 307 691 189 
190 829 771 781 203 997 360 446 457 822 992 749 274 778 901 658 878 670 
204 201 672 681 748 81 909 640 739 547 597 459 179 475 
509 535 580 539 679 870 996 682 958 359 607 
485 424 922 17 996 190 946 354 75 548 313 211 14 841 720 632 286 
548 780 695 796 
931 721 241 729 24 86 548 401 265 832 496 164 93 
599 333 741 887 14 28 123 143 251 867 479 847 
873 164 793 514 602 758 279 65 943 
700 
664 723 838 231 34 252 700 562 541 
7 162 394 517 82 731 
120 519 764 224 518 854 995 949 769 616 436 537 432 222 
71 346 333 594 508 60 576 655 
772 663 404 240 660 266 198 12 399 
647 379 788 338 938 534 468 453 54 720 716 
181 
789 267 619 181 451 345 517 844 423 547 885 325 391 591 893 675 459 926 315 30 
118 
370 506 616 898 208 761 413 295 147 335 81 743 524 118 354 548 352 925 
452 73 456 806 137 590 557 68 78 675 85 111 
613 763 157 
186 
360 683 54 708 725 751 899 578 503 588 561 933 355 257 616 946 841 186 
869 338 774 
565 
523 783 853 497 838 529 364 470 65 995 588 765 175 614 819 192 756 693 565 479 65 
305 823 936 448 786 224 72 978 556 379 934 999 247 423 633 847 60 
585 930 658 332 
569 400 7 151 395 
258 
966 134 690 903 258 288 666 575 
441 
374 370 56 441 801 195 626 283 
793 779 583 11 47 623 970 14 521 40 823 101 891 
697 857 945 265 622 680 557 533 907 935 363 198 346 394 859 924 476 
530 856 247 728 
984 639 811 809 880 619 359 455 543 245 412 255 
993 467 585 744 74 942 
172 68 255 268 743 936 463 638 783 
274 973 239 
713 567 411 230 280 844 597 51 935 532 675 147 120 383 
728 281 417 508 364 
903 76 949 731 627 93 
8 
323 533 36 454 917 524 828 742 8 79 962 18 315 985 766 
343 111 178 154 137 679 896 150 47 742 998 42 858 836 446 
171 581 954 665 778 862 
379 920 787 302 241 80 377 540 821 95 331 785 341 383 191 
97 615 136 322 720 307 113 400 628 356 684 695 530 933 686 936 209 700 
639 132 841 136 787 460 98 127 
387 
996 309 768 726 526 387 83 183 748 626 521 290 395 522 827 
500 457 58 443 212 140 624 780 47 468 495 969 637 852 703 
892 
216 250 733 149 551 108 107 201 663 892 745 168 675 152 495 670 
740 184 302 656 355 82 444 556 351 
786 797 458 874 625 457 713 182 140 391 911 
251 687 975 494 862 66 361 508 613 68 253 846 715 29 831 29 
488 155 851 61 
440 28 
593 411 497 426 484 270 210 391 592 384 121 846 338 9 535 182 974 572 
838 173 92 301 701 987 971 285 
84 
884 93 777 84 122 627 442 124 622 67 949 313 293 910 653 606 
355 102 523 102 
633 756 515 743 501 714 
857 834 632 687 728 380 727 990 398 433 713 941 467 135 703 
784 640 705 215 46 470 348 104 753 586 246 435 619 494 933 578 837 471 189 
221 
443 221 246 113 418 110 473 32 297 241 801 407 367 451 230 715 39 383 
955 970 879 465 482 211 911 
898 691 250 673 460 
944 923 391 3 754 128 388 400 311 809 983 155 496 525 996 252 
164 312 316 
312 744 214 949 298 901 143 297 262 816 876 707 675 171 566 741 823 972 609 254 
589 38 567 732 952 797 147 161 655 660 632 434 467 30 
752 550 403 340 746 382 
42 837 972 
897 
677 854 897 85 872 611 998 453 167 504 972 686 
216 82 347 403 467 899 195 343 883 139 776 647 885 998 757 279 60 357 700 
791 2 93 
512 966 120 978 821 12 815 
466 384 553 
511 41 264 657 751 
630 793 710 661 850 144 361 255 
599 733 
555 
771 577 861 984 627 485 420 144 609 329 492 257 327 703 
135 135 
605 296 809 355 628 645 367 125 966 834 756 198 937 914 863 
433 437 110 
621 70 9 60 238 843 781 207 
692 189 795 596 300 883 652 165 251 262 405 175 948 516 573 619 382 
603 8 779 851 51 391 139 799 
627 104 275 649 390 412 793 46 495 
949 865 465 855 810 977 231 548 180 967 491 843 
474 119 755 683 789 96 304 203 
956 396 653 
324 185 504 94 
644 751 
683 
7 513 56 377 657 584 518 212 596 816 347 283 635 
738 966 38 414 
810 668 664 748 310 978 351 
87 54 10 866 756 971 
237 631 332 395 618 166 251 930 391 478 
793 610 664 957 635 890 914 679 627 268 662 310 899 450 818 426 614 187 447 
262 972 753 648 136 837 175 
129 958 32 68 530 313 314 999 168 462 335 
1000 550 538 944 907 761 129 497 917 765 745 775 895 99 119 799 
341 586 391 678 621 802 339 855 520 783 117 439 716 489 636 
631 292 533 330 470 861 537 674 17 194 765 
659 189 517 199 655 
643 
434 989 
77 284 122 455 505 186 836 866 987 825 3 148 578 908 499 562 744 362 991 
17 736 332 102 573 137 289 560 633 165 147 115 167 708 188 703 
753 338 520 
492 425 697 741 634 228 246 345 399 551 752 521 712 23 984 538 567 761 477 
249 746 939 487 527 16 926 669 385 182 610 846 378 557 97 573 614 813 574 
761 5 238 572 396 961 266 64 174 244 204 723 928 551 116 425 87 903 787 351 
894 786 393 473 680 464 26 791 320 815 
241 174 154 340 790 935 559 630 294 551 394 234 644 617 182 7 168 381 457 959 
503 442 985 277 756 905 743 25 108 433 761 777 850 185 737 572 
569 761 469 85 776 899 675 265 890 188 348 125 
69 497 468 5 259 407 405 552 796 
810 913 523 342 56 613 331 516 257 92 
533 586 587 517 724 609 713 539 343 519 751 
286 967 636 733 121 827 605 12 241 852 386 1 437 990 40 17 430 470 223 
76 446 792 608 243 444 519 863 
773 261 860 
29 177 316 498 232 56 464 381 308 467 502 789 158 
157 
861 919 529 350 7 844 324 61 645 650 684 649 565 238 12 798 226 193 63 
133 199 485 435 632 793 841 289 258 724 499 672 654 46 169 512 890 466 50 667 
638 929 63 
325 224 866 279 148 704 920 131 691 503 802 975 232 921 
201 616 853 467 167 952 524 
871 
966 871 88 594 721 580 879 41 498 812 647 165 735 
907 679 738 148 914 77 74 242 722 619 740 78 
612 492 518 880 879 556 204 820 353 264 213 32 806 362 254 
546 340 92 340 
789 610 846 632 770 524 903 518 501 183 240 845 167 626 575 770 
917 327 521 227 195 480 30 294 453 335 
987 34 583 531 758 880 716 790 221 462 614 27 144 209 789 990 
437 40 185 371 232 48 777 617 176 826 397 636 70 999 289 324 499 831 
648 
922 
205 
399 569 7 314 16 773 531 656 914 849 583 691 847 883 946 153 179 675 846 156 
984 378 326 569 337 483 722 241 303 1000 394 149 763 343 261 229 837 13 126 
886 
449 692 570 748 886 914 486 951 591 
658 796 419 981 389 685 779 193 65 335 
22 195 307 723 151 697 272 2 558 17 193 591 
669 481 547 825 240 35 381 152 462 
6 34 841 298 426 465 72 73 917 24 871 733 235 795 311 134 541 
4 346 
108 792 182 503 540 525 79 507 143 44 773 106 307 787 631 613 200 368 481 412 
665 370 853 145 44 176 929 947 60 677 673 350 719 544 163 428 863 
406 97 720 204 
628 578 766 447 244 302 54 538 200 390 705 357 749 757 292 909 95 
269 874 840 577 421 46 367 677 496 251 895 
284 637 643 977 267 70 773 726 37 875 147 83 305 103 112 199 226 415 
549 390 241 801 219 879 
744 2 947 855 498 944 725 961 709 49 666 
861 589 368 851 974 
131 91 965 242 229 92 
228 236 460 26 839 592 249 109 778 476 173 382 763 82 647 318 
996 543 543 
114 320 119 332 520 740 814 
190 934 852 933 117 768 572 891 593 830 
357 289 490 983 437 828 
932 710 995 229 600 250 177 170 590 
218 212 990 187 15 525 628 12 624 518 415 
298 328 376 278 822 883 285 38 634 304 283 526 432 70 383 
479 814 738 301 844 71 546 244 846 664 415 
489 893 451 195 971 830 8 920 598 175 
675 13 751 304 930 245 155 857 763 607 460 285 878 252 514 342 984 959 
778 482 418 46 425 112 846 565 295 739 327 356 944 761 332 514 914 412 
25 306 805 510 72 798 956 957 826 996 575 
570 263 907 999 979 946 792 274 544 589 931 357 253 
294 105 563 459 532 500 681 789 389 268 
692 
787 712 292 596 20 148 685 297 647 289 235 943 469 
659 785 556 
24 577 730 175 101 103 81 187 467 25 844 483 44 573 
119 10 555 644 346 493 719 646 820 117 229 930 887 912 907 538 502 829 
586 488 136 558 855 693 559 
392 
390 936 14 
272 764 643 627 69 406 203 929 989 
354 94 430 149 315 698 780 453 611 256 536 606 
47 905 707 961 807 609 874 399 463 496 3 624 611 337 937 360 695 
142 581 344 41 154 203 337 225 519 365 419 34 444 138 907 925 
585 180 987 139 382 252 217 328 255 
966 110 254 49 168 564 846 791 535 968 166 907 755 190 852 988 990 
809 118 678 102 672 694 501 263 551 433 330 404 291 852 571 
441 866 375 917 293 709 535 219 312 549 60 
154 244 199 595 203 544 476 951 495 841 157 745 84 574 
153 182 615 982 762 401 429 
219 207 728 138 399 232 929 806 693 93 454 246 906 759 282 192 766 949 641 799 282 
515 112 355 873 
883 892 
544 463 13 517 740 918 50 472 492 857 113 553 559 36 295 121 740 
97 388 785 691 689 696 148 187 265 56 835 45 330 385 894 774 79 639 
265 691 78 442 29 145 630 59 771 272 643 487 439 407 823 578 235 706 426 350 
474 688 997 385 250 102 565 190 414 
225 327 39 711 605 847 
214 337 629 548 74 894 902 835 344 339 877 782 
425 731 510 321 299 982 639 
972 634 990 117 225 116 302 702 
649 912 677 468 778 235 473 564 532 448 75 332 577 700 
412 743 375 86 277 731 462 517 355 283 977 542 
229 946 533 509 3 156 894 
259 252 187 992 760 173 496 361 320 895 
416 636 57 23 968 404 613 736 624 406 814 556 348 
362 236 877 758 244 688 365 753 530 292 582 955 106 720 353 571 530 
391 343 913 454 943 75 527 630 55 465 371 316 829 465 
456 478 
615 
67 342 83 91 
748 810 293 802 193 67 546 260 644 340 6 141 919 410 
309 965 632 515 25 
512 365 245 866 941 976 875 746 51 69 359 230 106 197 155 
38 73 12 362 18 854 918 437 323 695 739 7 132 969 559 728 
81 495 568 875 96 139 597 974 733 388 973 78 979 396 884 809 159 
255 945 920 748 276 607 
672 228 384 581 639 134 310 702 306 240 868 255 
424 571 584 759 540 753 816 789 849 84 354 995 971 587 875 542 
763 277 628 577 837 595 965 152 188 466 566 933 825 272 696 638 
497 125 946 596 319 
426 623 
435 432 665 
537 932 513 958 895 459 888 939 323 6 899 92 473 441 838 236 959 
810 487 583 534 232 454 651 686 887 28 675 222 
876 51 211 713 448 64 139 717 227 111 
747 232 934 384 759 365 163 978 194 679 11 916 595 617 76 994 120 
24 950 732 420 707 550 362 525 842 439 981 140 960 833 398 39 577 285 
694 706 355 593 240 64 269 670 71 775 799 
706 946 903 154 
121 190 346 527 
493 810 57 787 231 658 836 298 801 350 
722 281 929 76 
743 258 36 282 504 158 336 988 374 999 590 490 527 255 
526 
393 733 944 877 328 987 87 367 
270 448 369 193 311 773 294 406 866 625 820 719 
459 950 220 913 661 615 835 238 849 871 554 872 491 454 643 766 
775 580 867 409 
45 580 319 
425 529 330 690 706 143 
963 688 117 32 730 550 346 983 137 831 
261 348 759 884 462 
397 76 102 423 856 956 967 69 685 349 865 537 923 33 738 529 136 16 414 
456 302 636 790 803 408 583 611 46 145 918 153 2 509 944 368 863 
409 662 562 686 960 222 965 378 312 174 452 815 546 576 954 436 860 50 447 
275 473 
290 584 771 45 196 161 200 650 396 103 359 501 177 136 186 794 
733 833 226 854 995 957 535 412 793 532 431 
267 834 555 40 707 262 11 766 594 357 69 237 787 603 625 94 
820 956 
490 422 544 810 903 104 977 47 803 83 347 857 380 
379 631 241 627 673 566 443 149 605 94 
81 694 378 425 3 70 169 677 531 371 372 622 504 125 531 
460 658 310 343 667 443 629 586 41 187 86 351 
902 731 777 458 407 181 138 18 557 
674 796 285 
293 982 135 271 367 29 627 40 903 236 777 201 413 224 217 385 104 524 895 
752 207 110 275 784 912 389 440 141 517 348 276 840 956 799 
422 856 473 201 389 807 612 975 572 618 76 616 334 95 557 528 984 42 417 895 
613 903 697 562 465 821 251 
566 726 583 728 
160 97 386 
546 137 329 621 
620 145 573 
424 419 337 618 222 192 569 623 
899 502 183 
579 779 938 564 179 336 385 915 921 895 
539 843 423 115 840 298 395 80 665 657 851 56 499 907 836 118 647 347 
209 722 574 284 61 181 58 423 338 329 71 287 
814 789 39 853 545 546 747 54 493 266 62 
646 292 983 70 919 328 297 248 925 965 702 
246 596 445 273 179 553 253 
887 310 703 
748 408 900 589 900 
134 164 443 436 977 783 
622 341 173 116 421 732 792 616 504 432 699 163 195 990 
681 454 23 537 629 794 
476 117 172 669 292 288 360 696 956 975 
84 509 541 36 939 223 216 992 523 699 105 945 211 212 771 859 916 317 991 
536 622 750 35 788 822 284 531 317 590 720 687 130 84 799 
417 853 404 695 20 864 323 182 161 322 70 563 72 796 572 
437 992 952 639 
210 500 744 322 866 790 601 
219 44 
859 618 107 312 809 621 10 872 310 823 544 609 491 603 
200 360 556 698 454 564 158 
300 363 616 174 247 782 250 669 218 272 491 558 
386 346 304 467 530 110 773 695 404 64 235 127 
890 468 762 429 86 243 670 799 86 
828 848 547 942 857 722 119 954 998 345 431 
291 829 412 446 494 844 769 972 332 5 591 143 485 547 510 
513 982 114 680 595 296 645 151 899 884 822 977 675 275 838 263 631 869 960 511 
55 884 611 748 526 306 52 73 475 331 273 362 754 783 223 56 898 955 511 
906 554 26 910 
779 723 403 622 351 464 455 100 883 820 111 
103 608 249 
307 23 901 116 392 786 606 958 3 879 
746 366 913 8 352 603 499 112 242 769 545 865 723 604 
499 256 176 399 
976 341 329 888 276 471 275 293 129 340 999 230 823 34 225 629 226 539 
108 834 612 589 361 717 528 934 512 390 293 739 677 623 87 
665 176 690 956 333 882 433 21 968 94 
968 713 
690 510 917 843 739 821 100 337 880 764 23 52 306 410 741 456 831 
71 203 427 818 592 140 714 429 142 
249 29 24 926 258 574 
400 695 919 256 41 825 696 337 162 209 502 585 752 973 853 457 230 205 714 89 
376 17 59 897 600 424 839 471 222 
807 634 212 474 855 80 996 491 1000 31 732 470 337 410 642 562 734 4 991 
491 289 672 411 743 829 681 380 925 264 444 206 98 73 541 829 
591 420 773 152 952 960 369 36 97 658 757 787 474 235 936 17 629 317 
538 828 674 281 312 821 871 897 877 847 584 355 925 
838 906 989 
468 296 279 867 396 749 694 895 
435 361 594 168 372 652 381 631 172 891 846 849 61 914 702 
613 634 88 797 582 960 844 218 821 897 71 305 705 800 252 609 352 894 
870 
709 686 104 532 560 348 911 823 764 342 373 676 643 737 837 957 
453 119 70 653 732 426 10 338 98 150 828 623 521 723 124 
197 695 994 846 684 977 455 700 124 671 
776 883 701 91 419 629 984 234 556 802 248 789 941 239 697 978 70 884 545 542 
397 194 18 680 859 787 309 573 628 116 672 298 529 353 304 635 78 171 875 894 
596 363 629 121 932 498 752 618 39 913 723 59 
611 230 546 310 8 71 809 890 
914 599 450 318 141 126 520 381 247 884 767 
434 520 565 10 
915 629 162 916 200 436 159 
915 817 521 202 709 4 631 467 298 762 500 174 954 923 297 220 
613 170 888 538 21 764 904 423 276 604 742 223 
804 568 148 727 693 361 
740 456 729 985 
5 775 
80 952 526 71 246 732 461 442 277 84 694 793 971 886 243 5 521 747 348 
81 361 938 293 715 
91 510 677 332 237 764 531 741 777 578 714 926 
916 97 519 960 403 243 48 679 514 274 500 114 921 
527 679 234 426 102 483 962 243 107 449 820 758 334 360 945 94 
314 565 167 902 962 831 
291 917 395 
623 607 85 317 571 641 174 953 922 284 843 705 251 374 991 
136 205 507 951 254 419 840 887 303 
422 225 238 
926 197 282 837 215 427 761 492 956 231 75 608 810 647 604 235 143 5 287 
586 739 896 141 
732 474 658 591 233 693 28 278 110 972 144 83 926 768 775 223 
408 378 822 655 650 213 401 841 278 801 438 714 530 413 
336 15 310 119 401 618 589 613 244 957 802 107 549 77 94 
347 306 508 713 602 282 100 646 736 963 622 
566 673 324 164 160 114 301 595 195 624 64 721 727 484 860 
697 307 69 363 714 583 566 29 622 
92 178 652 386 225 391 993 395 742 909 879 
327 952 746 181 549 206 622 994 65 948 695 869 422 725 279 390 829 
918 619 993 985 949 765 74 176 597 761 249 79 
674 648 518 192 525 145 33 77 776 173 
779 380 293 772 966 28 
403 179 805 54 194 358 
84 587 974 360 389 916 427 30 706 498 17 33 113 762 173 262 279 394 183 223 
163 634 655 655 
912 367 
776 896 545 138 843 936 211 245 86 341 727 243 739 647 252 
546 101 23 515 256 272 211 742 564 308 648 397 732 480 156 523 222 
676 561 786 597 198 651 456 368 486 784 332 77 
102 617 676 187 
826 986 201 284 792 993 57 757 241 86 73 43 573 
